,user_cluster,neighbour_type,average,standard_deviation,median,q3,max,min
0,0,number_of_links_0,1.8563260892037819,2.7528357057204568,1,2,60,0
1,0,number_of_links_1,0.04678864794802675000,0.27451375336154826643,0,0,10,0
2,0,number_of_links_2,0.83318622422608681823,1.2484749455441653,0,1,13,0
3,0,number_of_links_3,1.8101417813720111,2.6127535291838236,1,2,31,0
4,0,number_of_links_4,0.76949990855379819811,1.3632622053466044,0,1,19,0
5,0,number_of_links_5,0.71334398880380416199,1.1599933637458926,0,1,14,0
6,0,number_of_links_6,1.2508886185262053,1.8829525905670327,1,2,31,0
7,1,number_of_links_0,0.94464588924795968670,2.1745943143585047,0,1,66,0
8,1,number_of_links_1,0.26007558744591115736,0.98196203368080248746,0,0,34,0
9,1,number_of_links_2,0.31419181683737744427,0.69485190025268877488,0,0,11,0
10,1,number_of_links_3,0.77067426192693213562,1.6116595099883159,0,1,30,0
11,1,number_of_links_4,0.33427178616421098757,0.80235367795758727866,0,0,18,0
12,1,number_of_links_5,0.21646491756586514761,0.58352801400824409022,0,0,12,0
13,1,number_of_links_6,0.64947143561373719669,1.2204519436716057,0,1,25,0
14,2,number_of_links_0,111.7847094801223242,81.1975778264468109,90,157,613,1
15,2,number_of_links_1,18.3730886850152905,30.9415726084629741,8,22,293,0
16,2,number_of_links_2,12.6311926605504587,6.1008762525681920,13,17,35,0
17,2,number_of_links_3,62.4116207951070336,30.4811475254879263,59,82,170,2
18,2,number_of_links_4,21.2452599388379205,14.4521887387971506,19,28,159,0
19,2,number_of_links_5,10.3461773700305810,7.1086197442712476,9,14,48,0
20,2,number_of_links_6,44.2305810397553517,26.7721021486276986,40,59,230,0
21,3,number_of_links_0,21.2113479673508202,17.9695532793755516,16,28,161,0
22,3,number_of_links_1,1.52912275140660908154,4.1227216351772417,0,1,74,0
23,3,number_of_links_2,5.5742927331801252,3.8742221729179999,5,8,28,0
24,3,number_of_links_3,18.6335684285601078,12.8676450627371997,16,25,99,0
25,3,number_of_links_4,6.8380220302718123,5.7841237791633676,5,10,47,0
26,3,number_of_links_5,4.4039147317537047,3.5372286575376280,4,6,25,0
27,3,number_of_links_6,12.2808463428163880,9.1866085792433666,10,17,82,0
28,4,number_of_links_0,32.7111043627897560,33.4078854201480133,23,43,306,0
29,4,number_of_links_1,9.0116408543374836,14.8019033065491812,4,10,231,0
30,4,number_of_links_2,4.7248709383540844,4.2482229436349408,4,7,31,0
31,4,number_of_links_3,21.5420589128454297,17.0821896172010398,18,30,181,0
32,4,number_of_links_4,6.8400647838850086,6.3213796189882173,5,10,61,0
33,4,number_of_links_5,2.5072375746533050,2.9416824949911822,2,4,26,0
34,4,number_of_links_6,14.1596315416540136,12.1506007551126841,11,20,122,0
35,5,number_of_links_0,72.2193294624461510,64.2185672888950639,51,99,535,0
36,5,number_of_links_1,19.4412811387900356,29.5312902544209876,10,24,553,0
37,5,number_of_links_2,5.9604794905412999,4.7266346938130175,5,9,28,0
38,5,number_of_links_3,32.4399700318411688,23.4985052911254025,26,45,154,0
39,5,number_of_links_4,8.3849035399887619,8.4559558338674406,6,12,77,0
40,5,number_of_links_5,5.5205094587001311,4.6334446507982108,4,8,36,0
41,5,number_of_links_6,24.0704251732534182,20.3073587600148945,18,33,173,0
42,6,number_of_links_0,8.1996530932518378,10.2695210190382204,5,11,178,0
43,6,number_of_links_1,2.6406211282729000,5.6881298016477654,1,3,117,0
44,6,number_of_links_2,1.4227141323201454,1.9803031475469330,1,2,17,0
45,6,number_of_links_3,5.9712728173783761,6.4508468109550683,4,8,77,0
46,6,number_of_links_4,1.7671594945073098,2.3425793935610008,1,3,35,0
47,6,number_of_links_5,0.92941273643346824151,1.5323160716412224,0,1,23,0
48,6,number_of_links_6,4.1545882547286694,4.6427380289930937,3,6,60,0
