cluster_role,neighbour_type,average,standard_deviation,median,q3,max,min
0,0,2.9820016605990931,2.9692952059328460,2.0,4.0,60,1
0,1,1.2878091486101992,0.68995338708666520086,1.0,1.0,10,1
0,2,1.8346874452810366,1.2628598104379818,1.0,2.0,13,1
0,3,2.9479914009686861,2.7862568874750336,2.0,4.0,31,1
0,4,1.9296496440606991,1.5562093649716774,1.0,2.0,19,1
0,5,1.7428843426395446,1.2219841318074439,1.0,2.0,14,1
0,6,2.2859550969992008,2.0280998057443296,2.0,3.0,31,1
1,0,2.2692631578947368,2.8903344069929881,1.0,2.0,66,1
1,1,1.8729094351530451,1.9807805745262739,1.0,2.0,34,1
1,2,1.33754605232476798955,0.82863481285595720612,1.0,1.0,11,1
1,3,2.0137107854362262,2.0697472794718083,1.0,2.0,30,1
1,4,1.4282905822879611,1.0900378095525149,1.0,1.0,18,1
1,5,1.29175655357259593384,0.80185497307364320985,1.0,1.0,12,1
1,6,1.6591201656685510,1.4594275295533163,1.0,2.0,25,1
2,0,111.7847094801223242,81.1975778264468109,90.0,157.0,613,1
2,1,20.8611111111111111,32.1741722631920739,11.0,25.0,293,1
2,2,12.8672897196261682,5.9056765408724938,13.0,17.0,35,1
2,3,62.4116207951070336,30.4811475254879263,59.0,82.0,170,2
2,4,21.4155363748458693,14.3837407453892170,19.0,28.0,159,1
2,5,10.5068322981366460,7.0447572440023697,9.0,14.0,48,1
2,6,44.2847519902020821,26.7436609486091907,40.0,59.0,230,2
3,0,21.3500837520938023,17.9458842323699877,16.0,28.0,161,1
3,1,4.1884089429129585,5.9516152482945691,2.0,5.0,74,1
3,2,6.0255268117183485,3.6749910530688418,5.0,8.0,28,1
3,3,18.8275282248378573,12.7924923924484112,16.0,25.0,99,1
3,4,7.3449948927477017,5.6756244297026777,6.0,10.0,47,1
3,5,4.8967309895144947,3.3909956749056277,4.0,7.0,25,1
3,6,12.4605612285921042,9.1317767095720306,10.0,17.0,82,1
4,0,33.2461934156378601,33.4148792867543810,23.0,43.0,306,1
4,1,10.2340498907920451,15.3723146072199045,5.0,11.0,231,1
4,2,5.4946439081812831,4.0936400259828620,5.0,8.0,31,1
4,3,21.8921921613002777,16.9964260870034519,18.0,30.0,181,1
4,4,7.4198967826946305,6.2485870548968248,6.0,10.0,61,1
4,5,3.5248327878184147,2.9289532195820570,3.0,5.0,26,1
4,6,14.6351747227453442,12.0679550811546897,12.0,20.0,122,1
5,0,72.3277058713187019,64.2057178312174535,51.0,99.0,535,1
5,1,21.1055307035380236,30.1932971049553193,11.0,26.0,553,1
5,2,6.4641478773105830,4.5796136357216724,5.0,9.0,28,1
5,3,32.5864534336782690,23.4499323492071257,26.0,46.0,154,1
5,4,9.1286704730831974,8.4294750215897337,7.0,12.0,77,1
5,5,6.0496715927750411,4.5083462251249204,5.0,8.0,36,1
5,6,24.1791157102539981,20.2884889886593170,18.0,33.0,173,1
6,0,9.1103076132442552,10.4345351115087078,6.0,12.0,178,1
6,1,4.2919664912469123,6.7454536802794807,2.0,4.0,117,1
6,2,2.6567541721936021,2.0111187085387561,2.0,3.0,17,1
6,3,6.8921196636604572,6.4563273621188820,5.0,9.0,77,1
6,4,2.8625137138422841,2.3986861729317822,2.0,4.0,35,1
6,5,2.2164355499527261,1.6573577215576549,2.0,3.0,23,1
6,6,4.9979729729729730,4.6599883081484435,4.0,7.0,60,1
