,user_cluster,neighbour_type,average,standard_deviation,median,q3,max,min
0,0,number_of_links_0,0.03631473363170248624,0.95501159664345844342,0,0,197,0
1,0,number_of_links_1,0.000061099485236836879649,0.007977571371315769274607,0,0,2,0
2,0,number_of_links_2,0.00085921151114301862,0.02938649332142497008,0,0,2,0
3,0,number_of_links_3,0E-24,0,0,0,0,0
4,0,number_of_links_4,0.000016547777251643321572,0.004067864855935310268576,0,0,1,0
5,0,number_of_links_5,0.00033350135691773463,0.01825898568205504865,0,0,1,0
6,0,number_of_links_6,2.2821332376108065,3.8207174195339192,1,3,581,0
7,1,number_of_links_0,197.0574288724973656,220.522593881813,121,291.75,1366,0
8,1,number_of_links_1,0.01738672286617492097,0.14232469753497401510,0,0,2,0
9,1,number_of_links_2,0.01211801896733403583,0.12304621870098703639,0,0,2,0
10,1,number_of_links_3,0E-20,0,0,0,0,0
11,1,number_of_links_4,0.00263435194942044257,0.05127179706836249727,0,0,1,0
12,1,number_of_links_5,0.01685985247629083246,0.12878018343734567514,0,0,1,0
13,1,number_of_links_6,857.8435194942044257,922.708593438649,556,1373.5,5234,0
14,2,number_of_links_0,97.6846057571964956,112.187402072483,58,129.5,864,0
15,2,number_of_links_1,0E-20,0,0,0,0,0
16,2,number_of_links_2,0.05006257822277847309,0.21821070291355129059,0,0,1,0
17,2,number_of_links_3,0E-20,0,0,0,0,0
18,2,number_of_links_4,0.00250312891113892365,0.04999992158111296788,0,0,1,0
19,2,number_of_links_5,0.04005006257822277847,0.20248579886927975597,0,0,2,0
20,2,number_of_links_6,380.5844806007509387,455.244884453964,203,539.5,4433,0
21,3,number_of_links_0,241.1250000000000000,119.143895593282,211.5,300,419,113
22,3,number_of_links_1,0E-20,0,0,0,0,0
23,3,number_of_links_2,0E-20,0,0,0,0,0
24,3,number_of_links_3,0E-20,0,0,0,0,0
25,3,number_of_links_4,0E-20,0,0,0,0,0
26,3,number_of_links_5,0E-20,0,0,0,0,0
27,3,number_of_links_6,1700.3750000000000000,993.442203006438,1349.5,1994.5,3248,784
28,4,number_of_links_0,610.0505319148936170,509.432398800651,465,790,5133,18
29,4,number_of_links_1,0.00664893617021276596,0.08132356605358018976,0,0,1,0
30,4,number_of_links_2,0.00664893617021276596,0.08132356605358018976,0,0,1,0
31,4,number_of_links_3,0E-20,0,0,0,0,0
32,4,number_of_links_4,0.01595744680851063830,0.13559805213230165446,0,0,2,0
33,4,number_of_links_5,0.05718085106382978723,0.23234239222042572690,0,0,1,0
34,4,number_of_links_6,3129.0585106382978723,1867.718685575920,2769,4061,12909,62
35,5,number_of_links_0,94.0773266647053055,139.826795130567,43,119,2346,0
36,5,number_of_links_1,0.00284397371776012553,0.05325433872433963460,0,0,1,0
37,5,number_of_links_2,0.01480827694419927430,0.12438795393264903045,0,0,3,0
38,5,number_of_links_3,0E-24,0,0,0,0,0
39,5,number_of_links_4,0.00063744238501520055,0.02524019196039051443,0,0,1,0
40,5,number_of_links_5,0.01887810140237324703,0.13824277246098089851,0,0,2,0
41,5,number_of_links_6,383.2930763950181426,589.149819982195,159,478,6579,0
42,6,number_of_links_0,0.00015851950641479970,0.04884290102939916324,0,0,27,0
43,6,number_of_links_1,0.000042795899803444545903,0.006541718963871544631139,0,0,1,0
44,6,number_of_links_2,0.00087644256026033881,0.02972432111798199522,0,0,2,0
45,6,number_of_links_3,0E-24,0,0,0,0,0
46,6,number_of_links_4,0.000020524564191447894464,0.004530358914750920320729,0,0,1,0
47,6,number_of_links_5,0.00030830515572685561,0.01763038276742862721,0,0,2,0
48,6,number_of_links_6,6.5524915729196280,10.5835031839262206,3,7,419,0
