,0,1,2,3,4,5,6
cluster,0,1,2,3,4,5,6
number_of_posts,0.67115665578874066387,1.2072417562918911,4.3109346365302382,2.9324884612375812,4.7542158941734828,5.2511706312043454,5.1208892094822781
number_of_comments,5.7476412196021137,4.3471429634420665,3.1808185705558949,4.9862317139951498,4.8801373321215793,4.7079977523880877,4.2862224990983311
frequency_of_posts_stddev,0.79373813782650845884,1.4266065285703656,4.9664019547953574,3.1836032230305875,4.7799656669696052,5.7306611725042143,5.7726974654906718
frequency_of_comments_q3,4.3218250337943935,2.8742594829115844,1.9535736102626756,3.8619259954627239,4.0746238513581743,3.7958419179621652,4.1453326338568478
frequency_of_comments_stddev,4.8939470486229638,3.4157141303539028,2.9773976786805131,5.4532582335914887,5.1043118246995860,4.9483049260161079,4.8706187088101249
number_of_received_responses_to_post_max,0.68937149255157911984,1.0489327968221443,4.1857055589492975,3.2348431510600016,5.5516510148439867,3.6847724292938753,5.4821305616577593
number_of_received_responses_to_post_q3,0.71629094583339022625,1.0767104156053781,4.9108124618204032,3.3760463115074709,5.7890538220741190,3.3090466379471811,5.6619561297091708
number_of_received_responses_under_comments_q3,4.9907423843139397,2.1456479059464595,5.8643860720830788,5.8000469373386529,5.0521054225992124,5.2463008053942686,4.5995934292927637
number_of_received_responses_under_comments_max,4.9932001583898849,2.1480232844329714,5.8381185094685400,5.7997340217476336,5.0546299101282440,5.3141037647499532,4.6058559297026132
number_of_own_post_responses_q3,0.59687043434329642121,0.21412749200098449422,4.1441661576053757,3.1952593287960573,5.4116934262344744,4.2397452706499344,5.4299485229023902
number_of_words_in_posts_q3,0.80121386730750849980,1.4367204894996823,5.7348808796579108,3.2479073769850583,5.9940422094314854,5.8711369170256602,5.8023213875864782
number_of_words_in_comments_q3,5.7843030162349632,4.6754088226708412,6.0000000000000000,5.9931158569975749,4.9500151469251742,4.8046450646188425,4.3299616380864946
number_of_words_in_responses_to_posts_q3,0.79902917924000163852,1.2098689821360090,5.7373243738546121,3.4481733552374247,5.9822276077956175,5.9818318037085597,5.8566018557985508
number_of_words_in_own_post_responses_q3,0.59687043434329642121,0.21415038721531231934,5.7299938912645082,3.3174528670891027,5.4390588710491770,5.3817194231129425,5.3405193612905341
